eval_accuracy = 0.8689364817865641
eval_loss = 0.3057858691665164
global_step = 12000
loss = 0.04083298718556762
